0,1
2.4171843696376363,0.24055732297910545
1.8352788310623769,0.8576127927820315
1.0907856587099847,-0.3023773024733799
-2.216782009001016,0.4952714495221854
1.0514171780765995,-0.2180753055671947
1.9819450965373613,-0.724930968387195
1.0016010710929377,0.05604494544787026
-2.3131520503659564,0.448967929190199
-2.103768355841057,-0.7024361473007601
-2.3324347312478,-0.5877081995939814
0.3382045274151792,-1.5611577444060423
-2.4153950754323232,0.6539300479158688
-2.239592864885409,-0.19832789396490053
2.2557530665865086,1.9022668013663484
-2.1899197442909224,1.0480560928351141
1.1918022007759101,-1.6294406052716024
1.0365520244605393,-0.6415042429048442
1.2311706814092953,-1.7137426021777877
1.309613628635628,-0.4911346877100038
1.5771683675493744,0.6645623981631816
0.6416707002968015,-0.23237589987804141
0.2301886346873035,-0.6023353320670509
-2.233805868230009,0.016516243739102904
0.9052310297279972,0.009741425115883726
0.04591748804890568,-0.22250988145865253
0.9563454777642351,-0.5770918499056149
0.36282209946631305,-0.5975895927768862
2.028965265398641,0.8521493491362107
-2.218137349396741,1.8623789345820378
-2.1952836231630894,0.532879385698379
1.2221497701392954,0.6033661451149769
2.302292142258802,2.6031103197389682
1.8874397467449153,0.6753036880064047
1.4485721826021738,-0.4497024726184687
0.6071138770095559,-0.42344396524981515
0.06741587388683223,-0.18490194528245882
0.328294263881944,-0.20037297385690145
1.5672439750222484,1.0566427373949958
1.84561148266375,0.5456196311430551
0.4498769691733036,-0.42305342485181024
1.8676479610338124,0.40506990541661547
0.7209598830895999,0.38956687572428245
1.0836433216588595,0.8498860448824689
-2.3709569763147194,-1.104071341553257
-2.115428336197883,-0.6660146459471076
1.4533979689422045,0.24363189642089947
1.854704498333396,0.373784683751133
1.3628439119355416,1.0004571980846748
0.26066506144597196,-0.8587372508128766
2.7852465457880484,0.8356334522484585
-1.8465041278945207,0.09127938618355128
0.9043558064586537,0.02212187968958622
-2.1728530147126714,-0.496287593752549
3.292632418282486,-0.004760141406899133
2.8806412478437293,0.39172277259848204
0.8523809938620588,0.24091586225921907
-0.48197754832781675,-1.5408936006600282
0.4184541908082518,-0.06858102179618825
1.0115824629632126,-1.3904298548373637
1.7690190980160216,-0.19915453791646914
-2.21767136126425,-0.46105252722143764
-2.3960695242012213,-0.33249271567069577
0.37325559682269793,-1.7561122782030922
-2.6333336930947313,1.7990114098961163
0.21274165767507677,-0.7807579684174022
-0.011364204076707015,-1.5732870670791734
1.2343047263314895,-1.168202133750393
-0.39952630897255265,-2.0160895019754874
-2.0719653300420298,0.6658577725816331
0.20281726514795134,-0.38867762918558774
-2.2916536645280305,0.4865758653663922
1.1763419552845646,-0.8203174196532014
0.4138936771532929,0.8386760245723609
0.9414944531420663,-0.03181635592593809
-2.2535116668950863,-0.7198273156123465
-2.0949191723155978,1.4927626669096263
0.20187091354156805,-0.2906071448757922
1.6891638110508156,0.9997394937290176
1.134743640701206,-0.7056516614563558
-0.15162036938073414,-2.65113043650717
1.152713851536583,-0.32496693998306925
1.339157832781805,0.31923830917129153
-0.5232677198768452,-1.8487353194260108
2.2848880355958334,0.40158879101787076
-2.46251511398601,2.1543430838166278
-2.1979655625991734,0.2752910321300114
1.2060581335227938,-0.9421639762952273
0.1293150790105526,-0.7957762670839063
-2.4069261393408397,1.1263625391882401
-2.5857045497117856,-0.46784397219903207
1.329656558037912,0.4109860789703761
-1.9858999286381902,-0.6185246907925798
-2.2275526370946075,1.4880169276194615
0.5520340071936445,-0.16190576681581906
-1.8585872260345795,0.42803345696993467
1.3494483437490146,0.681219861560165
2.7380833905375934,0.7790573725401322
-1.9196260665979432,1.4069470712232477
0.09666581764505966,-1.563405048100839
0.6963274523294798,-0.19358152887930685
-1.9420138046991036,0.4130151583034306
-2.464645078243576,-0.8927865083168761
2.025860208179325,0.8948935650005739
1.988650433158873,1.0345218303521904
-2.253131419461111,1.0029390073256683
-2.2549671233307285,0.14468551489183976
0.8550629332981428,0.4985042158275868
1.2324972804496541,-0.08904676354956909
1.8371715342751438,0.6614718241624419
-2.274249557865062,2.6880973940874906
