0,1
0.7129281937752404,0.5855062463365067
1.420662720530685,-0.05788710783437249
1.9406120546390744,0.9903262052175678
-1.9890619852006561,0.47861398612520206
-2.1679122536237374,0.319221682816916
-1.9028535974076415,-2.3262727150640905
2.189916451323386,0.5451669012351166
0.25219612535448854,-1.3311697420852482
-2.472310649117852,0.05721475391603595
2.4250872015567118,2.5338266214992875
1.843890753543036,-0.19045895376067595
0.5252287418267,-1.7690848711821654
0.24942819887237894,-1.1226483188919547
2.0016798829053153,0.5996972752560127
0.7303751707874668,0.7639288826868577
1.5803304241118399,-0.43257627875460014
-2.0782755605205803,0.24875154975469366
-2.669045141330284,-0.9489720476271974
1.5036661814119765,0.2574637602648623
0.6784573575340209,-0.07167159579692796
-2.1577077297025538,1.14731301196745
-0.016785082292023242,-1.0340693131624885
-2.354442221914985,0.14112621042421622
-0.07231705759404466,-1.0604832295875204
-2.296594425616964,-0.32893341120307223
0.30642975960393387,-0.9920428016537829
1.8523596896345191,0.28197353751169574
-2.3652128500085774,1.1338716885214921
-2.800875240892085,0.46871596658792214
-2.2298114587474585,0.9300960046183636
-0.0593446071907513,-0.4409133236302805
-2.261177237769361,0.23017394662056612
1.0294096874094145,0.5107591044510035
1.5387031218256038,-0.9061952048495134
-2.4261228331766573,-0.3764233663576003
0.1325061232758953,-1.3046302597099302
0.6026393504006227,0.017703304357073978
