sepal_length,sepal_width,petal_length,petal_width
-1.0365345738062353,1.2495821188227445,-1.357736919867759,-1.335700012233866
-0.5524342327434341,0.7903606901553852,-1.300695671733846,-1.070901763011508
-0.4314091474777343,1.0199714044890649,-1.4147781680016716,-1.335700012233866
-1.157559659071935,0.10152854715434739,-1.300695671733846,-1.4680991368450447
-1.5206349148690366,0.331139261488027,-1.357736919867759,-1.335700012233866
0.2947413641164666,-0.5873035958466915,0.1253355316139712,0.12069035848910192
-0.4314091474777343,-1.5057464531814089,-0.04578821278776678,-0.27650701534443484
-0.31038406221203446,-0.8169143101803701,0.23941802788179667,0.12069035848910192
-0.9155094885405356,-1.2761357388477292,-0.4450769497251557,-0.1441078907332558
2.231142728367671,1.7088035474901027,1.6654492312296139,1.3122824799897121
-0.9155094885405356,1.0199714044890649,-1.357736919867759,-1.203300887622687
-0.9155094885405356,1.4791928331564241,-1.300695671733846,-1.070901763011508
-1.6416600001347363,-1.7353571675150885,-1.4147781680016716,-1.203300887622687
0.052691193585067034,-0.12808216717933224,0.23941802788179667,0.38548860771145965
1.1419169609763684,-0.5873035958466915,0.5816655166852727,0.2530894831002806
-0.31038406221203446,-0.12808216717933224,0.1823767797478837,0.12069035848910192
0.5367915346478672,-0.5873035958466915,0.7527892610870106,0.38548860771145965
-1.3996098296033357,0.331139261488027,-1.4147781680016716,-1.335700012233866
-1.0365345738062353,0.7903606901553852,-1.2436544235999334,-1.070901763011508
-1.0365345738062353,1.0199714044890649,-1.2436544235999334,-0.8061035137891505
-0.6734593180091349,1.4791928331564241,-1.300695671733846,-1.335700012233866
-0.06833389168063382,-0.8169143101803701,0.1823767797478837,-0.27650701534443484
-0.06833389168063382,-1.0465250245140496,0.1253355316139712,-0.011708766122077087
0.6578166199135681,0.331139261488027,0.866871757354836,1.4446816046008906
0.17371627885076682,-1.964967881848767,0.6957480129530981,0.38548860771145965
0.5367915346478672,-0.8169143101803701,0.6387067648191856,0.7826859815449964
0.6578166199135681,-0.5873035958466915,1.037995501756574,1.3122824799897121
0.5367915346478672,-1.2761357388477292,0.6957480129530981,0.9150851061561751
-0.5524342327434341,1.4791928331564241,-1.300695671733846,-1.335700012233866
-0.9155094885405356,1.7088035474901027,-1.0725306791981954,-1.070901763011508
0.6578166199135681,-0.3576928815130118,0.29645927601570915,0.12069035848910192
-0.4314091474777343,-1.2761357388477292,0.1253355316139712,0.12069035848910192
0.6578166199135681,0.10152854715434739,0.9809542536226615,0.7826859815449964
1.2629420462420693,0.10152854715434739,0.7527892610870106,1.4446816046008906
1.0208918757106686,-0.12808216717933224,0.8098305092209236,1.4446816046008906
-1.7626850854004361,-0.3576928815130118,-1.357736919867759,-1.335700012233866
-1.278584744337636,0.7903606901553852,-1.2436544235999334,-1.335700012233866
-0.5524342327434341,1.9384142618237823,-1.4147781680016716,-1.070901763011508
-0.4314091474777343,-1.7353571675150885,0.1253355316139712,0.12069035848910192
-0.1893589769463336,-0.5873035958466915,0.41054177228353467,0.12069035848910192
0.41576644938216745,-1.964967881848767,0.41054177228353467,0.38548860771145965
1.0208918757106686,-0.12808216717933224,0.6957480129530981,0.6502868569338174
0.5367915346478672,0.5607499758217056,1.266160494292225,1.7094798538232485
2.231142728367671,-0.12808216717933224,1.3232017424261375,1.4446816046008906
0.17371627885076682,-0.12808216717933224,0.5816655166852727,0.7826859815449964
-1.0365345738062353,0.7903606901553852,-1.300695671733846,-1.335700012233866
-1.278584744337636,-0.12808216717933224,-1.357736919867759,-1.4680991368450447
-0.7944844032748347,1.0199714044890649,-1.300695671733846,-1.335700012233866
-0.4314091474777343,2.627246404824821,-1.357736919867759,-1.335700012233866
1.383967131507769,0.331139261488027,0.5246242685513601,0.2530894831002806
0.17371627885076682,0.7903606901553852,0.41054177228353467,0.5178877323226386
0.5367915346478672,-0.3576928815130118,1.037995501756574,0.7826859815449964
0.7788417051792679,0.331139261488027,0.7527892610870106,1.0474842307673542
1.6260173020391697,-0.12808216717933224,1.1520779980243996,0.5178877323226386
-0.9155094885405356,1.0199714044890649,-1.357736919867759,-1.335700012233866
-1.3996098296033357,0.331139261488027,-1.2436544235999334,-1.335700012233866
-1.0365345738062353,1.0199714044890649,-1.4147781680016716,-1.203300887622687
-0.9155094885405356,1.7088035474901027,-1.2436544235999334,-1.335700012233866
-1.157559659071935,-1.5057464531814089,-0.2739532053234177,-0.27650701534443484
-1.0365345738062353,-2.4241893105161263,-0.15987070905559225,-0.27650701534443484
0.17371627885076682,-0.8169143101803701,0.7527892610870106,0.5178877323226386
-0.5524342327434341,-0.12808216717933224,0.41054177228353467,0.38548860771145965
-0.1893589769463336,-0.12808216717933224,0.23941802788179667,-0.011708766122077087
-0.1893589769463336,-0.3576928815130118,0.23941802788179667,0.12069035848910192
0.7788417051792679,-0.12808216717933224,1.1520779980243996,1.3122824799897121
1.6260173020391697,1.2495821188227445,1.3232017424261375,1.7094798538232485
0.6578166199135681,-0.8169143101803701,0.866871757354836,0.9150851061561751
1.0208918757106686,0.10152854715434739,1.037995501756574,1.5770807292120697
1.1419169609763684,0.331139261488027,1.2091192461583125,1.4446816046008906
-1.883710170666137,-0.12808216717933224,-1.5288606642694968,-1.4680991368450447
-0.9155094885405356,0.5607499758217056,-1.1866131754660205,-0.9385026384003292
-1.278584744337636,0.7903606901553852,-1.0725306791981954,-1.335700012233866
-0.7944844032748347,2.3976356904911404,-1.300695671733846,-1.4680991368450447
-1.0365345738062353,0.331139261488027,-1.471819416135584,-1.335700012233866
-1.7626850854004361,-0.12808216717933224,-1.4147781680016716,-1.335700012233866
-1.7626850854004361,0.331139261488027,-1.4147781680016716,-1.335700012233866
1.5049922167734688,-0.12808216717933224,1.2091192461583125,1.179883355378533
0.7788417051792679,-0.12808216717933224,0.9809542536226615,0.7826859815449964
0.5367915346478672,0.7903606901553852,1.037995501756574,1.5770807292120697
-0.06833389168063382,-0.8169143101803701,0.7527892610870106,0.9150851061561751
-1.157559659071935,-0.12808216717933224,-1.357736919867759,-1.335700012233866
-1.5206349148690366,0.7903606901553852,-1.357736919867759,-1.203300887622687
-1.5206349148690366,1.2495821188227445,-1.5859019124034095,-1.335700012233866
-1.278584744337636,0.10152854715434739,-1.2436544235999334,-1.335700012233866
-0.1893589769463336,-0.5873035958466915,0.1823767797478837,0.12069035848910192
1.0208918757106686,-1.2761357388477292,1.1520779980243996,0.7826859815449964
-0.06833389168063382,-0.5873035958466915,0.7527892610870106,1.5770807292120697
-0.5524342327434341,0.7903606901553852,-1.1866131754660205,-1.335700012233866
-0.9155094885405356,0.7903606901553852,-1.300695671733846,-1.335700012233866
0.8998667904449676,-0.12808216717933224,0.35350052414962213,0.2530894831002806
1.7470423873048695,-0.3576928815130118,1.437284238693963,0.7826859815449964
0.41576644938216745,-0.5873035958466915,0.5816655166852727,0.7826859815449964
1.2629420462420693,0.10152854715434739,0.9239130054887491,1.179883355378533
-1.278584744337636,-0.12808216717933224,-1.357736919867759,-1.203300887622687
1.2629420462420693,0.10152854715434739,0.6387067648191856,0.38548860771145965
0.8998667904449676,-0.3576928815130118,0.46758302041744715,0.12069035848910192
0.17371627885076682,-1.964967881848767,0.1253355316139712,-0.27650701534443484
0.052691193585067034,0.331139261488027,0.5816655166852727,0.7826859815449964
0.2947413641164666,-0.5873035958466915,0.5246242685513601,-0.011708766122077087
-0.4314091474777343,-1.5057464531814089,0.01125303534614571,-0.1441078907332558
-1.0365345738062353,-1.7353571675150885,-0.2739532053234177,-0.27650701534443484
-0.31038406221203446,-0.5873035958466915,0.6387067648191856,1.0474842307673542
-0.1893589769463336,3.0864678334921805,-1.300695671733846,-1.070901763011508
-0.1893589769463336,1.7088035474901027,-1.1866131754660205,-1.203300887622687
-0.7944844032748347,0.7903606901553852,-1.357736919867759,-1.335700012233866
-0.7944844032748347,-0.8169143101803701,0.06829428348005845,0.2530894831002806
1.0208918757106686,0.10152854715434739,0.35350052414962213,0.2530894831002806
0.5367915346478672,-1.2761357388477292,0.6387067648191856,0.38548860771145965
-1.157559659071935,-1.2761357388477292,0.41054177228353467,0.6502868569338174
-0.1893589769463336,-1.2761357388477292,0.6957480129530981,1.0474842307673542
2.4731928988990712,1.7088035474901027,1.494325486827876,1.0474842307673542
0.41576644938216745,0.7903606901553852,0.9239130054887491,1.4446816046008906
0.052691193585067034,-0.12808216717933224,0.7527892610870106,0.7826859815449964
-0.5524342327434341,1.9384142618237823,-1.1866131754660205,-1.070901763011508
-0.06833389168063382,2.168024976157462,-1.471819416135584,-1.335700012233866
0.7788417051792679,-0.5873035958466915,0.46758302041744715,0.38548860771145965
0.2947413641164666,-0.3576928815130118,0.5246242685513601,0.2530894831002806
0.17371627885076682,-0.3576928815130118,0.41054177228353467,0.38548860771145965
-0.1893589769463336,-1.0465250245140496,-0.15987070905559225,-0.27650701534443484
1.0208918757106686,0.10152854715434739,0.5246242685513601,0.38548860771145965
1.1419169609763684,-0.12808216717933224,0.9809542536226615,1.179883355378533
1.2629420462420693,0.331139261488027,1.095036749890487,1.4446816046008906
0.6578166199135681,-0.5873035958466915,1.037995501756574,1.179883355378533
0.2947413641164666,-1.0465250245140496,1.037995501756574,0.2530894831002806
0.7788417051792679,-0.12808216717933224,0.8098305092209236,1.0474842307673542
0.6578166199135681,0.331139261488027,0.41054177228353467,0.38548860771145965
-0.31038406221203446,-0.12808216717933224,0.41054177228353467,0.38548860771145965
-0.31038406221203446,-1.2761357388477292,0.06829428348005845,-0.1441078907332558
-0.06833389168063382,-0.8169143101803701,0.06829428348005845,-0.011708766122077087
0.2947413641164666,-0.12808216717933224,0.46758302041744715,0.2530894831002806
2.1101176431019697,-0.12808216717933224,1.608407983095701,1.179883355378533
2.231142728367671,-1.0465250245140496,1.7795317274974394,1.4446816046008906
2.231142728367671,-0.5873035958466915,1.6654492312296139,1.0474842307673542
-0.9155094885405356,1.7088035474901027,-1.300695671733846,-1.203300887622687
0.5367915346478672,0.5607499758217056,0.5246242685513601,0.5178877323226386
-0.31038406221203446,-0.3576928815130118,-0.10282946092167952,0.12069035848910192
0.5367915346478672,-1.7353571675150885,0.35350052414962213,0.12069035848910192
0.41576644938216745,-0.3576928815130118,0.29645927601570915,0.12069035848910192
1.6260173020391697,0.331139261488027,1.266160494292225,0.7826859815449964
0.2947413641164666,-0.12808216717933224,0.6387067648191856,0.7826859815449964
-1.5206349148690366,0.10152854715434739,-1.300695671733846,-1.335700012233866
-1.0365345738062353,-0.12808216717933224,-1.2436544235999334,-1.335700012233866
-1.0365345738062353,0.5607499758217056,-1.357736919867759,-1.335700012233866
-0.4314091474777343,-1.0465250245140496,0.35350052414962213,-0.011708766122077087
1.0208918757106686,0.5607499758217056,1.095036749890487,1.179883355378533
1.8680674725705704,-0.5873035958466915,1.3232017424261375,0.9150851061561751
1.0208918757106686,0.5607499758217056,1.095036749890487,1.7094798538232485
